130
NULL 0 Common 0
Joined 7 0,255,0,255,0,0,0,0,0,0 Latin 1 0 1 Joined	# Joined [4a 6f 69 6e 65 64 ]a
|Broken|0|1 15 0,255,0,255,0,0,0,0,0,0 Common 2 10 2 |Broken|0|1	# Broken
0 8 0,255,0,255,0,0,0,0,0,0 Common 3 2 3 0	# 0 [30 ]0
. 16 0,255,0,255,0,0,0,0,0,0 Common 4 6 4 .	# . [2e ]p
1 8 0,255,0,255,0,0,0,0,0,0 Common 5 2 5 1	# 1 [31 ]0
4 8 0,255,0,255,0,0,0,0,0,0 Common 6 2 6 4	# 4 [34 ]0
8 8 0,255,0,255,0,0,0,0,0,0 Common 7 2 7 8	# 8 [38 ]0
2 8 0,255,0,255,0,0,0,0,0,0 Common 8 2 8 2	# 2 [32 ]0
7 8 0,255,0,255,0,0,0,0,0,0 Common 9 2 9 7	# 7 [37 ]0
9 8 0,255,0,255,0,0,0,0,0,0 Common 10 2 10 9	# 9 [39 ]0
द 1 0,255,0,255,0,0,0,0,0,0 Devanagari 11 0 11 द	# द [926 ]x
र 1 0,255,0,255,0,0,0,0,0,0 Devanagari 12 0 12 र	# र [930 ]x
् 0 0,255,0,255,0,0,0,0,0,0 Devanagari 13 17 13 ्	# ् [94d ]
श 1 0,255,0,255,0,0,0,0,0,0 Devanagari 14 0 14 श	# श [936 ]x
य 1 0,255,0,255,0,0,0,0,0,0 Devanagari 15 0 15 य	# य [92f ]x
त 1 0,255,0,255,0,0,0,0,0,0 Devanagari 16 0 16 त	# त [924 ]x
ि 0 0,255,0,255,0,0,0,0,0,0 Devanagari 17 0 17 ि	# ि [93f ]
प 1 0,255,0,255,0,0,0,0,0,0 Devanagari 18 0 18 प	# प [92a ]x
ू 0 0,255,0,255,0,0,0,0,0,0 Devanagari 19 17 19 ू	# ू [942 ]
ज 1 0,255,0,255,0,0,0,0,0,0 Devanagari 20 0 20 ज	# ज [91c ]x
ा 0 0,255,0,255,0,0,0,0,0,0 Devanagari 21 0 21 ा	# ा [93e ]
ं 0 0,255,0,255,0,0,0,0,0,0 Devanagari 22 17 22 ं	# ं [902 ]
आ 1 0,255,0,255,0,0,0,0,0,0 Devanagari 23 0 23 आ	# आ [906 ]x
ख 1 0,255,0,255,0,0,0,0,0,0 Devanagari 24 0 24 ख	# ख [916 ]x
ह 1 0,255,0,255,0,0,0,0,0,0 Devanagari 25 0 25 ह	# ह [939 ]x
थ 1 0,255,0,255,0,0,0,0,0,0 Devanagari 26 0 26 थ	# थ [925 ]x
न 1 0,255,0,255,0,0,0,0,0,0 Devanagari 27 0 27 न	# न [928 ]x
- 16 0,255,0,255,0,0,0,0,0,0 Common 28 3 28 -	# - [2d ]p
े 0 0,255,0,255,0,0,0,0,0,0 Devanagari 29 17 29 े	# े [947 ]
5 8 0,255,0,255,0,0,0,0,0,0 Common 30 2 30 5	# 5 [35 ]0
भ 1 0,255,0,255,0,0,0,0,0,0 Devanagari 31 0 31 भ	# भ [92d ]x
ग 1 0,255,0,255,0,0,0,0,0,0 Devanagari 32 0 32 ग	# ग [917 ]x
क 1 0,255,0,255,0,0,0,0,0,0 Devanagari 33 0 33 क	# क [915 ]x
ल 1 0,255,0,255,0,0,0,0,0,0 Devanagari 34 0 34 ल	# ल [932 ]x
> 0 0,255,0,255,0,0,0,0,0,0 Common 35 10 97 >	# > [3e ]
ृ 0 0,255,0,255,0,0,0,0,0,0 Devanagari 36 17 36 ृ	# ृ [943 ]
स 1 0,255,0,255,0,0,0,0,0,0 Devanagari 37 0 37 स	# स [938 ]x
ऍ 1 0,255,0,255,0,0,0,0,0,0 Devanagari 38 0 38 ऍ	# ऍ [90d ]x
ः 0 0,255,0,255,0,0,0,0,0,0 Devanagari 39 0 39 ः	# ः [903 ]
। 16 0,255,0,255,0,0,0,0,0,0 Common 40 0 40 ।	# । [964 ]p
6 8 0,255,0,255,0,0,0,0,0,0 Common 41 2 41 6	# 6 [36 ]0
ड 1 0,255,0,255,0,0,0,0,0,0 Devanagari 42 0 42 ड	# ड [921 ]x
्‌ 0 0,255,0,255,0,0,0,0,0,0 Devanagari 43 17 43 ्‌	# ्‌ [94d 200c ]
अ 1 0,255,0,255,0,0,0,0,0,0 Devanagari 44 0 44 अ	# अ [905 ]x
म 1 0,255,0,255,0,0,0,0,0,0 Devanagari 45 0 45 म	# म [92e ]x
ब 1 0,255,0,255,0,0,0,0,0,0 Devanagari 46 0 46 ब	# ब [92c ]x
ु 0 0,255,0,255,0,0,0,0,0,0 Devanagari 47 17 47 ु	# ु [941 ]
ध 1 0,255,0,255,0,0,0,0,0,0 Devanagari 48 0 48 ध	# ध [927 ]x
, 16 0,255,0,255,0,0,0,0,0,0 Common 49 6 49 ,	# , [2c ]p
ी 0 0,255,0,255,0,0,0,0,0,0 Devanagari 50 0 50 ी	# ी [940 ]
( 16 0,255,0,255,0,0,0,0,0,0 Common 51 10 52 (	# ( [28 ]p
) 16 0,255,0,255,0,0,0,0,0,0 Common 52 10 51 )	# ) [29 ]p
+ 0 0,255,0,255,0,0,0,0,0,0 Common 53 3 53 +	# + [2b ]
८ 8 0,255,0,255,0,0,0,0,0,0 Devanagari 54 0 54 ८	# ८ [96e ]0
१ 8 0,255,0,255,0,0,0,0,0,0 Devanagari 55 0 55 १	# १ [967 ]0
/ 16 0,255,0,255,0,0,0,0,0,0 Common 56 6 56 /	# / [2f ]p
व 1 0,255,0,255,0,0,0,0,0,0 Devanagari 57 0 57 व	# व [935 ]x
ष 1 0,255,0,255,0,0,0,0,0,0 Devanagari 58 0 58 ष	# ष [937 ]x
ण 1 0,255,0,255,0,0,0,0,0,0 Devanagari 59 0 59 ण	# ण [923 ]x
घ 1 0,255,0,255,0,0,0,0,0,0 Devanagari 60 0 60 घ	# घ [918 ]x
3 8 0,255,0,255,0,0,0,0,0,0 Common 61 2 61 3	# 3 [33 ]0
ो 0 0,255,0,255,0,0,0,0,0,0 Devanagari 62 0 62 ो	# ो [94b ]
ऽ 1 0,255,0,255,0,0,0,0,0,0 Devanagari 63 0 63 ऽ	# ऽ [93d ]x
_ 16 0,255,0,255,0,0,0,0,0,0 Common 64 10 64 _	# _ [5f ]p
” 16 0,255,0,255,0,0,0,0,0,0 Common 65 10 65 "	# ” [201d ]p
उ 1 0,255,0,255,0,0,0,0,0,0 Devanagari 66 0 66 उ	# उ [909 ]x
! 16 0,255,0,255,0,0,0,0,0,0 Common 67 10 67 !	# ! [21 ]p
च 1 0,255,0,255,0,0,0,0,0,0 Devanagari 68 0 68 च	# च [91a ]x
ै 0 0,255,0,255,0,0,0,0,0,0 Devanagari 69 17 69 ै	# ै [948 ]
॥ 16 0,255,0,255,0,0,0,0,0,0 Common 70 0 70 ॥	# ॥ [965 ]p
= 0 0,255,0,255,0,0,0,0,0,0 Common 71 10 71 =	# = [3d ]
| 0 0,255,0,255,0,0,0,0,0,0 Common 72 10 72 |	# | [7c ]
फ 1 0,255,0,255,0,0,0,0,0,0 Devanagari 73 0 73 फ	# फ [92b ]x
ꣳ 1 0,255,0,255,0,0,0,0,0,0 Devanagari 74 0 74 ꣳ	# ꣳ [a8f3 ]x
इ 1 0,255,0,255,0,0,0,0,0,0 Devanagari 75 0 75 इ	# इ [907 ]x
ङ 1 0,255,0,255,0,0,0,0,0,0 Devanagari 76 0 76 ङ	# ङ [919 ]x
ट 1 0,255,0,255,0,0,0,0,0,0 Devanagari 77 0 77 ट	# ट [91f ]x
ठ 1 0,255,0,255,0,0,0,0,0,0 Devanagari 78 0 78 ठ	# ठ [920 ]x
' 16 0,255,0,255,0,0,0,0,0,0 Common 79 10 79 '	# ' [27 ]p
३ 8 0,255,0,255,0,0,0,0,0,0 Devanagari 80 0 80 ३	# ३ [969 ]0
७ 8 0,255,0,255,0,0,0,0,0,0 Devanagari 81 0 81 ७	# ७ [96d ]0
… 16 0,255,0,255,0,0,0,0,0,0 Common 82 10 82 ...	# … [2026 ]p
; 16 0,255,0,255,0,0,0,0,0,0 Common 83 10 83 ;	# ; [3b ]p
ढ 1 0,255,0,255,0,0,0,0,0,0 Devanagari 84 0 84 ढ	# ढ [922 ]x
“ 16 0,255,0,255,0,0,0,0,0,0 Common 85 10 85 "	# “ [201c ]p
ॐ 1 0,255,0,255,0,0,0,0,0,0 Devanagari 86 0 86 ॐ	# ॐ [950 ]x
२ 8 0,255,0,255,0,0,0,0,0,0 Devanagari 87 0 87 २	# २ [968 ]0
५ 8 0,255,0,255,0,0,0,0,0,0 Devanagari 88 0 88 ५	# ५ [96b ]0
{ 16 0,255,0,255,0,0,0,0,0,0 Common 89 10 118 {	# { [7b ]p
" 16 0,255,0,255,0,0,0,0,0,0 Common 90 10 90 "	# " [22 ]p
‡ 16 0,255,0,255,0,0,0,0,0,0 Common 91 10 91 ‡	# ‡ [2021 ]p
छ 1 0,255,0,255,0,0,0,0,0,0 Devanagari 92 0 92 छ	# छ [91b ]x
* 16 0,255,0,255,0,0,0,0,0,0 Common 93 10 93 *	# * [2a ]p
ए 1 0,255,0,255,0,0,0,0,0,0 Devanagari 94 0 94 ए	# ए [90f ]x
० 8 0,255,0,255,0,0,0,0,0,0 Devanagari 95 0 95 ०	# ० [966 ]0
६ 8 0,255,0,255,0,0,0,0,0,0 Devanagari 96 0 96 ६	# ६ [96c ]0
< 0 0,255,0,255,0,0,0,0,0,0 Common 97 10 35 <	# < [3c ]
? 16 0,255,0,255,0,0,0,0,0,0 Common 98 10 98 ?	# ? [3f ]p
: 16 0,255,0,255,0,0,0,0,0,0 Common 99 6 99 :	# : [3a ]p
` 0 0,255,0,255,0,0,0,0,0,0 Common 100 10 100 '	# ` [60 ]
ञ 1 0,255,0,255,0,0,0,0,0,0 Devanagari 101 0 101 ञ	# ञ [91e ]x
४ 8 0,255,0,255,0,0,0,0,0,0 Devanagari 102 0 102 ४	# ४ [96a ]0
ऊ 1 0,255,0,255,0,0,0,0,0,0 Devanagari 103 0 103 ऊ	# ऊ [90a ]x
\ 16 0,255,0,255,0,0,0,0,0,0 Common 104 10 104 \	# \ [5c ]p
ौ 0 0,255,0,255,0,0,0,0,0,0 Devanagari 105 0 105 ौ	# ौ [94c ]
९ 8 0,255,0,255,0,0,0,0,0,0 Devanagari 106 0 106 ९	# ९ [96f ]0
• 16 0,255,0,255,0,0,0,0,0,0 Common 107 10 107 •	# • [2022 ]p
झ 1 0,255,0,255,0,0,0,0,0,0 Devanagari 108 0 108 झ	# झ [91d ]x
₹ 0 0,255,0,255,0,0,0,0,0,0 Common 109 4 109 ₹	# ₹ [20b9 ]
% 16 0,255,0,255,0,0,0,0,0,0 Common 110 4 110 %	# % [25 ]p
़ 0 0,255,0,255,0,0,0,0,0,0 Devanagari 111 17 111 ़	# ़ [93c ]
] 16 0,255,0,255,0,0,0,0,0,0 Common 112 10 114 ]	# ] [5d ]p
ई 1 0,255,0,255,0,0,0,0,0,0 Devanagari 113 0 113 ई	# ई [908 ]x
[ 16 0,255,0,255,0,0,0,0,0,0 Common 114 10 112 [	# [ [5b ]p
ऋ 1 0,255,0,255,0,0,0,0,0,0 Devanagari 115 0 115 ऋ	# ऋ [90b ]x
॰ 16 0,255,0,255,0,0,0,0,0,0 Devanagari 116 0 116 ॰	# ॰ [970 ]p
ओ 1 0,255,0,255,0,0,0,0,0,0 Devanagari 117 0 117 ओ	# ओ [913 ]x
} 16 0,255,0,255,0,0,0,0,0,0 Common 118 10 89 }	# } [7d ]p
§ 16 0,255,0,255,0,0,0,0,0,0 Common 119 10 119 §	# § [a7 ]p
~ 0 0,255,0,255,0,0,0,0,0,0 Common 120 10 120 ~	# ~ [7e ]
ॉ 0 0,255,0,255,0,0,0,0,0,0 Devanagari 121 0 121 ॉ	# ॉ [949 ]
ऑ 1 0,255,0,255,0,0,0,0,0,0 Devanagari 122 0 122 ऑ	# ऑ [911 ]x
„ 16 0,255,0,255,0,0,0,0,0,0 Common 123 10 123 „	# „ [201e ]p
ँ 0 0,255,0,255,0,0,0,0,0,0 Devanagari 124 17 124 ँ	# ँ [901 ]
ऐ 1 0,255,0,255,0,0,0,0,0,0 Devanagari 125 0 125 ऐ	# ऐ [910 ]x
औ 1 0,255,0,255,0,0,0,0,0,0 Devanagari 126 0 126 औ	# औ [914 ]x
᳚ 0 0,255,0,255,0,0,0,0,0,0 Inherited 127 17 127 ᳚	# ᳚ [1cda ]
ळ 1 0,255,0,255,0,0,0,0,0,0 Devanagari 128 0 128 ळ	# ळ [933 ]x
ॅ 0 0,255,0,255,0,0,0,0,0,0 Devanagari 129 17 129 ॅ	# ॅ [945 ]
