85
NULL 0 Common 0
Joined 7 0,255,0,255,0,0,0,0,0,0 Latin 1 0 1 Joined	# Joined [4a 6f 69 6e 65 64 ]a
|Broken|0|1 15 0,255,0,255,0,0,0,0,0,0 Common 2 10 2 |Broken|0|1	# Broken
1 8 0,255,0,255,0,0,0,0,0,0 Common 3 2 3 1	# 1 [31 ]0
2 8 0,255,0,255,0,0,0,0,0,0 Common 4 2 4 2	# 2 [32 ]0
श 1 0,255,0,255,0,0,0,0,0,0 Devanagari 5 0 5 श	# श [936 ]x
् 0 0,255,0,255,0,0,0,0,0,0 Devanagari 6 17 6 ्	# ् [94d ]
र 1 0,255,0,255,0,0,0,0,0,0 Devanagari 7 0 7 र	# र [930 ]x
ी 0 0,255,0,255,0,0,0,0,0,0 Devanagari 8 0 8 ी	# ी [940 ]
ह 1 0,255,0,255,0,0,0,0,0,0 Devanagari 9 0 9 ह	# ह [939 ]x
न 1 0,255,0,255,0,0,0,0,0,0 Devanagari 10 0 10 न	# न [928 ]x
ु 0 0,255,0,255,0,0,0,0,0,0 Devanagari 11 17 11 ु	# ु [941 ]
म 1 0,255,0,255,0,0,0,0,0,0 Devanagari 12 0 12 म	# म [92e ]x
त 1 0,255,0,255,0,0,0,0,0,0 Devanagari 13 0 13 त	# त [924 ]x
स 1 0,255,0,255,0,0,0,0,0,0 Devanagari 14 0 14 स	# स [938 ]x
ि 0 0,255,0,255,0,0,0,0,0,0 Devanagari 15 0 15 ि	# ि [93f ]
ञ 1 0,255,0,255,0,0,0,0,0,0 Devanagari 16 0 16 ञ	# ञ [91e ]x
ज 1 0,255,0,255,0,0,0,0,0,0 Devanagari 17 0 17 ज	# ज [91c ]x
व 1 0,255,0,255,0,0,0,0,0,0 Devanagari 18 0 18 व	# व [935 ]x
ा 0 0,255,0,255,0,0,0,0,0,0 Devanagari 19 0 19 ा	# ा [93e ]
क 1 0,255,0,255,0,0,0,0,0,0 Devanagari 20 0 20 क	# क [915 ]x
ृ 0 0,255,0,255,0,0,0,0,0,0 Devanagari 21 17 21 ृ	# ृ [943 ]
ष 1 0,255,0,255,0,0,0,0,0,0 Devanagari 22 0 22 ष	# ष [937 ]x
ट 1 0,255,0,255,0,0,0,0,0,0 Devanagari 23 0 23 ट	# ट [91f ]x
द 1 0,255,0,255,0,0,0,0,0,0 Devanagari 24 0 24 द	# द [926 ]x
य 1 0,255,0,255,0,0,0,0,0,0 Devanagari 25 0 25 य	# य [92f ]x
ण 1 0,255,0,255,0,0,0,0,0,0 Devanagari 26 0 26 ण	# ण [923 ]x
ड 1 0,255,0,255,0,0,0,0,0,0 Devanagari 27 0 27 ड	# ड [921 ]x
ल 1 0,255,0,255,0,0,0,0,0,0 Devanagari 28 0 28 ल	# ल [932 ]x
्‌ 0 0,255,0,255,0,0,0,0,0,0 Devanagari 29 17 29 ्‌	# ्‌ [94d 200c ]
। 16 0,255,0,255,0,0,0,0,0,0 Common 30 0 30 ।	# । [964 ]p
उ 1 0,255,0,255,0,0,0,0,0,0 Devanagari 31 0 31 उ	# उ [909 ]x
ो 0 0,255,0,255,0,0,0,0,0,0 Devanagari 32 0 32 ो	# ो [94b ]
ं 0 0,255,0,255,0,0,0,0,0,0 Devanagari 33 17 33 ं	# ं [902 ]
ू 0 0,255,0,255,0,0,0,0,0,0 Devanagari 34 17 34 ू	# ू [942 ]
च 1 0,255,0,255,0,0,0,0,0,0 Devanagari 35 0 35 च	# च [91a ]x
े 0 0,255,0,255,0,0,0,0,0,0 Devanagari 36 17 36 े	# े [947 ]
॥ 16 0,255,0,255,0,0,0,0,0,0 Common 37 0 37 ॥	# ॥ [965 ]p
प 1 0,255,0,255,0,0,0,0,0,0 Devanagari 38 0 38 प	# प [92a ]x
ऽ 1 0,255,0,255,0,0,0,0,0,0 Devanagari 39 0 39 ऽ	# ऽ [93d ]x
ः 0 0,255,0,255,0,0,0,0,0,0 Devanagari 40 0 40 ः	# ः [903 ]
अ 1 0,255,0,255,0,0,0,0,0,0 Devanagari 41 0 41 अ	# अ [905 ]x
ग 1 0,255,0,255,0,0,0,0,0,0 Devanagari 42 0 42 ग	# ग [917 ]x
१ 8 0,255,0,255,0,0,0,0,0,0 Devanagari 43 0 43 १	# १ [967 ]0
ध 1 0,255,0,255,0,0,0,0,0,0 Devanagari 44 0 44 ध	# ध [927 ]x
ङ 1 0,255,0,255,0,0,0,0,0,0 Devanagari 45 0 45 ङ	# ङ [919 ]x
२ 8 0,255,0,255,0,0,0,0,0,0 Devanagari 46 0 46 २	# २ [968 ]0
३ 8 0,255,0,255,0,0,0,0,0,0 Devanagari 47 0 47 ३	# ३ [969 ]0
भ 1 0,255,0,255,0,0,0,0,0,0 Devanagari 48 0 48 भ	# भ [92d ]x
आ 1 0,255,0,255,0,0,0,0,0,0 Devanagari 49 0 49 आ	# आ [906 ]x
थ 1 0,255,0,255,0,0,0,0,0,0 Devanagari 50 0 50 थ	# थ [925 ]x
४ 8 0,255,0,255,0,0,0,0,0,0 Devanagari 51 0 51 ४	# ४ [96a ]0
५ 8 0,255,0,255,0,0,0,0,0,0 Devanagari 52 0 52 ५	# ५ [96b ]0
६ 8 0,255,0,255,0,0,0,0,0,0 Devanagari 53 0 53 ६	# ६ [96c ]0
ठ 1 0,255,0,255,0,0,0,0,0,0 Devanagari 54 0 54 ठ	# ठ [920 ]x
ब 1 0,255,0,255,0,0,0,0,0,0 Devanagari 55 0 55 ब	# ब [92c ]x
ख 1 0,255,0,255,0,0,0,0,0,0 Devanagari 56 0 56 ख	# ख [916 ]x
७ 8 0,255,0,255,0,0,0,0,0,0 Devanagari 57 0 57 ७	# ७ [96d ]0
८ 8 0,255,0,255,0,0,0,0,0,0 Devanagari 58 0 58 ८	# ८ [96e ]0
फ 1 0,255,0,255,0,0,0,0,0,0 Devanagari 59 0 59 फ	# फ [92b ]x
९ 8 0,255,0,255,0,0,0,0,0,0 Devanagari 60 0 60 ९	# ९ [96f ]0
- 16 0,255,0,255,0,0,0,0,0,0 Common 61 3 61 -	# - [2d ]p
3 8 0,255,0,255,0,0,0,0,0,0 Common 62 2 62 3	# 3 [33 ]0
घ 1 0,255,0,255,0,0,0,0,0,0 Devanagari 63 0 63 घ	# घ [918 ]x
० 8 0,255,0,255,0,0,0,0,0,0 Devanagari 64 0 64 ०	# ० [966 ]0
छ 1 0,255,0,255,0,0,0,0,0,0 Devanagari 65 0 65 छ	# छ [91b ]x
ै 0 0,255,0,255,0,0,0,0,0,0 Devanagari 66 17 66 ै	# ै [948 ]
4 8 0,255,0,255,0,0,0,0,0,0 Common 67 2 67 4	# 4 [34 ]0
ऊ 1 0,255,0,255,0,0,0,0,0,0 Devanagari 68 0 68 ऊ	# ऊ [90a ]x
ई 1 0,255,0,255,0,0,0,0,0,0 Devanagari 69 0 69 ई	# ई [908 ]x
5 8 0,255,0,255,0,0,0,0,0,0 Common 70 2 70 5	# 5 [35 ]0
ौ 0 0,255,0,255,0,0,0,0,0,0 Devanagari 71 0 71 ौ	# ौ [94c ]
6 8 0,255,0,255,0,0,0,0,0,0 Common 72 2 72 6	# 6 [36 ]0
ए 1 0,255,0,255,0,0,0,0,0,0 Devanagari 73 0 73 ए	# ए [90f ]x
ऋ 1 0,255,0,255,0,0,0,0,0,0 Devanagari 74 0 74 ऋ	# ऋ [90b ]x
8 8 0,255,0,255,0,0,0,0,0,0 Common 75 2 75 8	# 8 [38 ]0
( 16 0,255,0,255,0,0,0,0,0,0 Common 76 10 77 (	# ( [28 ]p
) 16 0,255,0,255,0,0,0,0,0,0 Common 77 10 76 )	# ) [29 ]p
ढ 1 0,255,0,255,0,0,0,0,0,0 Devanagari 78 0 78 ढ	# ढ [922 ]x
9 8 0,255,0,255,0,0,0,0,0,0 Common 79 2 79 9	# 9 [39 ]0
इ 1 0,255,0,255,0,0,0,0,0,0 Devanagari 80 0 80 इ	# इ [907 ]x
+ 0 0,255,0,255,0,0,0,0,0,0 Common 81 3 81 +	# + [2b ]
. 16 0,255,0,255,0,0,0,0,0,0 Common 82 6 82 .	# . [2e ]p
, 16 0,255,0,255,0,0,0,0,0,0 Common 83 6 83 ,	# , [2c ]p
* 16 0,255,0,255,0,0,0,0,0,0 Common 84 10 84 *	# * [2a ]p
